11001000001111111
01010010010011010
10111011011011101
00111111001000000
00010100011011000
00010010110001111
10001010110001111
00010111010001000
11111111111010000
01001010101011100
10000101001011000
01101011101101011
01100100011011111
10100000001101100
00010101100100010
00011100010011110
01100011101111010
10011001011010011
01101001111011110
11110010010010101
11110001101000100
01110100101100011
01000011010110000
00110110110100100
11011110101110111
10000001010001110
01100010110000100
11000100100010101
10010011101110100
01011110000001111