0110100
0101101
0100100
1000101
1000110
0011100
1010010
0101110
0001101
1001111
0000110
1101110
0100111
1001001
1101011
1000000
1001000
0111010
1011100
1011010
1001011
0011111
1110110
1100010
0100011
1101111
1011011
1000010
0011000
0010101
0010011
0011101
0011011
0010000
1100100
1101100
0111011
0110010
1000111
0001100
1100000
1011111
0111111
1100110
1001010
1110000
1010110
0011010
1011000
1100001
1111001
1101010
1110100
0011001
1010111
1111110
1110111
1100111
0101000
0111100
0110001
0010100
1010011
0100001
0000010
0110101
0100101
1010001
1100101
0000100
0100110
1110010
1010000
1010100
0010111
1011101
0001000
1000100
1000011
0001110
1011001
0010010
0110000
0001010
1100011
0101111
0100010
0010001
1111111
1111010
1111000
1001110
0111110
1101101
1001100
0101011
1101001
0000001
0011110
0111000
1111101
1110001
1010101
1000001
0000000
0100000
0001011
0111001
1011110
1111100
1110011
0110011
1001101
0000111
0101100
1111011
0001001
0000011
0111101
0101001
0110110
0110111
0010110
1101000
0000101
0101010
1110101
0001111
